25 25 558 543
25 25 124 221
25 25 113 179
25 25 569 384
25 25 114 431
25 25 201 269
25 25 307 352
25 25 100 499
25 25 243 85
25 25 241 542
25 25 316 249
25 25 181 52
25 25 573 208
25 25 135 77
25 25 262 331
25 25 471 570
25 25 270 140
25 25 233 301
25 25 136 364
25 25 341 77
25 25 294 257
25 25 314 537
25 25 42 430
25 25 540 377
25 25 69 412
25 25 501 102
25 25 271 372
25 25 48 31
25 25 504 109
25 25 426 570
25 25 184 266
25 25 380 119
25 25 40 550
25 25 386 206
25 25 373 224
25 25 108 378
25 25 70 195
25 25 421 239
25 25 573 211
25 25 492 521
25 25 272 489
25 25 288 395
25 25 543 378
25 25 66 179
25 25 569 545
25 25 77 357
25 25 165 229
25 25 349 63
25 25 429 249
25 25 188 315
25 25 251 507
25 25 334 476
25 25 273 338
25 25 147 29
25 25 568 477
25 25 254 309
25 25 155 367
25 25 436 443
25 25 562 180
25 25 140 348
25 25 444 84
25 25 293 554
25 25 431 254
25 25 223 326
25 25 74 397
25 25 338 86
25 25 261 348
25 25 212 236
25 25 129 96
25 25 132 106
25 25 208 271
25 25 205 372
25 25 282 201
25 25 121 546
25 25 282 253
25 25 552 346
25 25 350 47
25 25 529 568
25 25 127 153
25 25 44 515
25 25 508 105
25 25 450 241
25 25 184 401
25 25 281 212
25 25 226 150
25 25 190 195
25 25 205 251
25 25 443 357
25 25 238 522
25 25 402 82
25 25 224 439
25 25 91 139
25 25 147 229
25 25 357 350
25 25 259 514
25 25 328 83
25 25 497 128
25 25 427 117
25 25 213 125
25 25 261 448
