440.00 -40.640
440.00 -36.610
440.00 -21.820
440.00 -33.940
440.00 -24.190
440.00 -36.180
440.00 -37.220
440.00 -41.860
440.00 -44.380
440.00 -39.750
440.00 -51.290
440.00 -31.840
440.00 -30.200
440.00 -42.280
440.00 -32.130
440.00 -47.240
440.00 -40.490
440.00 -48.590
440.00 -51.740
440.00 -40.370
440.00 -42.590
440.00 -43.360
440.00 -38.130
440.00 -38.730

540.000 -40.640
550.000 -36.610
560.000 -21.820
570.000 -33.940
580.000 -24.190
590.000 -36.180
900.000 -37.220
910.000 -41.860
920.000 -44.380
930.000 -39.750
940.000 -51.290
950.000 -31.840
960.000 -30.200
970.000 -42.280
980.000 -32.130
990.000 -47.240
1200.000 -40.490
1210.000 -48.590
1220.000 -51.740
1230.000 -40.370
1240.000 -42.590
1250.000 -43.360
1260.000 -38.130
1270.000 -38.730

140.000 -40.640
150.000 -36.610
160.000 -21.820
170.000 -33.940
180.000 -24.190
190.000 -36.180
200.000 -37.220
210.000 -41.860
220.000 -44.380
230.000 -39.750
240.000 -51.290
250.000 -31.840
260.000 -30.200
270.000 -42.280
280.000 -32.130
290.000 -47.240
300.000 -40.490
310.000 -48.590
320.000 -51.740
330.000 -40.370
340.000 -42.590
350.000 -43.360
360.000 -38.130
370.000 -38.730

940.00 -40.640
940.00 -36.610
940.00 -21.820
940.00 -33.940
940.00 -24.190
940.00 -36.180
940.00 -37.220
940.00 -41.860
940.00 -44.380
940.00 -39.750
940.00 -51.290
940.00 -31.840
940.00 -30.200
940.00 -42.280
940.00 -32.130
940.00 -47.240
940.00 -40.490
940.00 -48.590
940.00 -51.740
940.00 -40.370
940.00 -42.590
940.00 -43.360
940.00 -38.130
940.00 -38.730